20


14
5
4 1
7 7
1 22
3 23
3 6


28
5
10 27
9 27
8 12
8 28
3 23


25
5
4 35
11 12
7 32
4 34
8 29


18
5
7 2
10 7
1 14
4 16
2 9


44
10
8 1
5 15
11 51
7 21
5 6
7 15
8 21
4 25
1 49
5 13


48
10
5 18
6 55
2 20
6 30
9 4
11 19
9 27
3 58
6 8
10 58


34
10
11 20
3 38
5 15
2 17
2 26
4 6
6 41
2 37
9 17
2 42


49
10
7 25
7 19
6 15
9 5
3 46
10 21
8 2
5 58
8 18
5 6


423
20
38 252
46 212
1 150
43 242
50 250
39 277
3 136
10 390
36 236
17 276
9 297
48 243
28 183
19 95
42 195
30 269
26 304
39 337
41 139
37 138


384
20
26 360
42 212
11 84
25 100
23 132
36 122
16 271
12 166
15 351
45 93
21 226
42 237
28 311
20 187
47 44
47 16
48 148
4 208
23 38
16 143


375
20
26 119
3 296
35 155
19 127
21 58
5 76
42 104
39 34
33 224
29 109
9 30
27 206
33 18
45 164
9 159
10 99
46 78
41 280
11 362
50 137


353
20
20 229
27 18
1 214
37 275
38 1
4 305
20 191
26 271
45 322
7 2
20 77
25 62
37 152
25 74
13 144
25 110
50 246
17 159
44 358
21 350


597
30
36 178
46 428
12 441
33 217
45 56
26 419
31 343
7 504
43 178
18 38
28 426
29 409
13 403
49 190
19 334
15 162
39 92
39 229
7 29
40 124
48 298
40 251
32 199
19 172
31 559
41 418
4 515
10 347
40 576
10 517


621
30
31 413
41 247
40 41
35 157
42 99
10 161
13 101
30 323
28 91
32 596
43 372
21 378
37 508
40 24
48 535
45 11
25 16
4 240
40 163
7 529
47 571
48 69
18 271
43 398
12 212
23 528
12 550
29 625
28 170
13 142


560
30
1 451
4 246
41 503
41 232
27 197
33 149
23 127
43 221
14 509
29 155
3 326
30 417
25 255
8 141
37 367
17 461
41 462
50 358
12 435
4 371
29 561
33 301
44 4
43 180
42 163
8 320
32 218
39 256
39 184
6 396


546
30
45 317
33 512
12 190
32 524
11 223
18 539
29 170
30 268
27 104
1 549
30 328
49 528
44 309
13 127
20 238
31 143
22 227
46 489
22 332
24 452
42 457
38 139
12 155
9 145
5 378
8 508
24 1
47 546
17 445
37 238


849
50
46 824
13 216
20 467
9 103
3 467
10 245
5 701
5 351
39 314
10 517
43 365
4 778
30 165
23 498
47 579
48 608
16 409
50 24
18 550
23 56
33 604
40 237
20 339
17 29
26 467
46 478
46 650
8 827
35 841
22 291
15 453
27 281
14 286
46 431
18 583
45 639
2 674
24 162
26 774
36 597
12 646
17 415
28 502
23 289
41 390
17 527
2 259
22 66
18 600
22 575


808
50
11 421
50 50
29 620
15 150
45 338
8 781
38 690
5 800
8 243
16 675
31 327
9 163
20 105
1 528
36 109
41 294
37 511
41 808
3 440
45 204
14 126
2 710
45 140
40 776
11 395
20 716
6 46
1 74
49 77
26 456
44 372
18 367
19 133
20 526
16 673
48 476
2 156
6 482
22 167
23 649
6 177
35 660
33 621
21 164
2 636
34 535
45 351
38 132
7 239
10 431


886
50
50 788
50 310
17 158
28 687
16 148
48 590
21 212
36 722
9 535
49 703
33 206
49 696
20 42
35 885
47 797
19 827
8 398
31 191
36 160
17 847
44 825
32 456
1 40
8 147
37 542
31 456
13 857
30 166
6 814
25 507
20 724
8 700
22 415
38 595
24 659
29 881
22 364
32 106
4 659
35 221
18 413
32 58
4 825
3 360
30 200
4 272
31 111
50 863
4 728
8 62


908
50
4 286
36 239
35 591
16 784
40 244
35 546
4 769
26 93
4 598
24 500
23 273
50 846
33 882
10 347
40 592
30 527
10 623
16 288
15 68
25 599
32 595
2 592
45 336
2 99
40 64
44 135
23 261
3 53
14 203
40 279
28 628
4 392
42 162
23 109
46 116
37 248
38 46
2 406
28 912
27 784
5 335
46 536
50 394
21 893
36 657
28 168
35 200
23 88
35 599
20 299